100000000.0 56.0 39.0 76.0 109.0 156.0 140.0 141.0 135.0 183.0 108.0 155.0 104.0 76.0 79.0 104.0 97.0 88.0 130.0 176.0 121.0 131.0 150.0 125.0 85.0 65.0 57.0 94.0 160.0 80.0 162.0 67.0 128.0 20.0 48.0 126.0 172.0 162.0 142.0 124.0 133.0 164.0 97.0 132.0 151.0 142.0 74.0 96.0 87.0 103.0 145.0 102.0 66.0 176.0 119.0 40.0 
57.0 100000000.0 16.0 20.0 53.0 100.0 84.0 87.0 107.0 155.0 85.0 132.0 81.0 53.0 56.0 81.0 74.0 65.0 146.0 186.0 137.0 147.0 166.0 141.0 101.0 81.0 73.0 110.0 164.0 102.0 166.0 71.0 105.0 42.0 70.0 103.0 144.0 139.0 119.0 101.0 149.0 180.0 113.0 148.0 155.0 158.0 89.0 100.0 42.0 119.0 161.0 79.0 64.0 180.0 135.0 62.0 
41.0 62.0 100000000.0 82.0 97.0 144.0 131.0 102.0 96.0 144.0 69.0 116.0 65.0 37.0 40.0 65.0 58.0 49.0 130.0 170.0 121.0 131.0 150.0 125.0 85.0 65.0 57.0 94.0 166.0 86.0 168.0 73.0 89.0 26.0 54.0 87.0 133.0 123.0 103.0 85.0 133.0 164.0 97.0 132.0 157.0 142.0 80.0 102.0 93.0 103.0 145.0 63.0 48.0 182.0 119.0 46.0 
120.0 63.0 79.0 100000000.0 33.0 80.0 64.0 67.0 87.0 135.0 100.0 147.0 130.0 116.0 119.0 144.0 137.0 128.0 209.0 226.0 200.0 189.0 208.0 153.0 164.0 144.0 136.0 122.0 144.0 107.0 146.0 51.0 93.0 105.0 91.0 109.0 124.0 154.0 159.0 150.0 212.0 238.0 176.0 160.0 135.0 144.0 69.0 80.0 22.0 131.0 203.0 106.0 127.0 160.0 175.0 83.0 
135.0 161.0 174.0 142.0 100000000.0 47.0 34.0 34.0 54.0 102.0 67.0 114.0 97.0 97.0 96.0 128.0 135.0 131.0 198.0 193.0 203.0 213.0 232.0 207.0 167.0 147.0 139.0 176.0 222.0 204.0 224.0 148.0 60.0 155.0 183.0 76.0 91.0 121.0 126.0 117.0 215.0 246.0 179.0 214.0 213.0 222.0 166.0 117.0 120.0 185.0 227.0 73.0 130.0 238.0 201.0 175.0 
171.0 114.0 130.0 95.0 60.0 100000000.0 40.0 94.0 114.0 162.0 127.0 174.0 157.0 157.0 156.0 188.0 188.0 179.0 258.0 253.0 251.0 239.0 258.0 203.0 215.0 195.0 187.0 172.0 175.0 157.0 177.0 101.0 120.0 156.0 141.0 136.0 151.0 181.0 186.0 177.0 263.0 288.0 227.0 210.0 166.0 175.0 119.0 70.0 73.0 181.0 253.0 133.0 178.0 191.0 225.0 133.0 
169.0 132.0 148.0 113.0 34.0 31.0 100000000.0 68.0 88.0 133.0 101.0 148.0 131.0 131.0 130.0 162.0 169.0 165.0 232.0 227.0 237.0 247.0 266.0 221.0 201.0 181.0 173.0 190.0 193.0 175.0 195.0 119.0 94.0 174.0 159.0 110.0 122.0 155.0 160.0 151.0 249.0 280.0 213.0 228.0 184.0 193.0 137.0 88.0 91.0 199.0 261.0 107.0 164.0 209.0 235.0 151.0 
101.0 157.0 140.0 176.0 34.0 81.0 68.0 100000000.0 20.0 68.0 33.0 80.0 63.0 63.0 62.0 94.0 101.0 97.0 164.0 159.0 169.0 179.0 198.0 173.0 133.0 113.0 105.0 142.0 224.0 175.0 216.0 168.0 26.0 121.0 149.0 42.0 57.0 87.0 92.0 83.0 181.0 212.0 145.0 180.0 215.0 190.0 169.0 151.0 154.0 151.0 193.0 39.0 96.0 240.0 167.0 141.0 
121.0 177.0 160.0 196.0 54.0 101.0 88.0 20.0 100000000.0 48.0 53.0 100.0 83.0 83.0 82.0 114.0 121.0 117.0 184.0 179.0 189.0 199.0 218.0 193.0 153.0 133.0 125.0 162.0 244.0 195.0 236.0 188.0 46.0 141.0 169.0 62.0 37.0 89.0 112.0 103.0 201.0 232.0 165.0 200.0 235.0 210.0 189.0 171.0 174.0 171.0 213.0 59.0 116.0 260.0 187.0 161.0 
105.0 161.0 144.0 181.0 91.0 138.0 125.0 57.0 37.0 100000000.0 37.0 53.0 67.0 67.0 66.0 98.0 105.0 101.0 137.0 132.0 149.0 183.0 202.0 177.0 137.0 117.0 109.0 146.0 228.0 179.0 220.0 172.0 57.0 125.0 153.0 99.0 54.0 41.0 65.0 87.0 156.0 187.0 149.0 184.0 219.0 194.0 173.0 201.0 192.0 155.0 197.0 43.0 100.0 244.0 171.0 145.0 
68.0 124.0 107.0 144.0 67.0 114.0 101.0 33.0 27.0 75.0 100000000.0 47.0 30.0 30.0 29.0 61.0 68.0 64.0 131.0 126.0 136.0 146.0 165.0 140.0 100.0 80.0 72.0 109.0 191.0 142.0 183.0 135.0 20.0 88.0 116.0 75.0 64.0 54.0 59.0 50.0 148.0 179.0 112.0 147.0 182.0 157.0 136.0 164.0 155.0 118.0 160.0 6.0 63.0 207.0 134.0 108.0 
109.0 165.0 148.0 185.0 108.0 155.0 142.0 74.0 68.0 88.0 41.0 100000000.0 71.0 71.0 70.0 102.0 109.0 105.0 84.0 79.0 96.0 144.0 163.0 175.0 141.0 121.0 113.0 150.0 232.0 183.0 224.0 176.0 61.0 129.0 157.0 116.0 105.0 67.0 12.0 91.0 103.0 134.0 126.0 188.0 223.0 198.0 177.0 205.0 196.0 159.0 158.0 47.0 104.0 248.0 175.0 149.0 
64.0 120.0 103.0 140.0 88.0 135.0 122.0 63.0 57.0 105.0 30.0 77.0 100000000.0 28.0 25.0 31.0 38.0 47.0 110.0 105.0 122.0 142.0 161.0 136.0 96.0 76.0 68.0 105.0 187.0 138.0 179.0 131.0 50.0 84.0 112.0 78.0 94.0 84.0 38.0 20.0 129.0 160.0 108.0 143.0 178.0 153.0 132.0 160.0 151.0 114.0 156.0 24.0 59.0 203.0 130.0 104.0 
177.0 221.0 216.0 202.0 60.0 107.0 94.0 76.0 96.0 144.0 109.0 156.0 139.0 100000000.0 138.0 170.0 177.0 173.0 240.0 235.0 245.0 255.0 274.0 249.0 209.0 189.0 181.0 218.0 282.0 251.0 284.0 208.0 102.0 197.0 225.0 50.0 133.0 163.0 168.0 159.0 257.0 288.0 221.0 256.0 273.0 266.0 226.0 177.0 180.0 227.0 269.0 115.0 172.0 298.0 243.0 217.0 
39.0 95.0 78.0 115.0 87.0 134.0 121.0 62.0 56.0 104.0 29.0 76.0 25.0 27.0 100000000.0 32.0 39.0 35.0 116.0 130.0 107.0 117.0 136.0 111.0 71.0 51.0 43.0 80.0 162.0 113.0 154.0 106.0 49.0 59.0 87.0 77.0 93.0 83.0 63.0 45.0 119.0 150.0 83.0 118.0 153.0 128.0 107.0 135.0 126.0 89.0 131.0 23.0 34.0 178.0 105.0 79.0 
48.0 104.0 87.0 124.0 119.0 166.0 153.0 94.0 88.0 136.0 61.0 108.0 31.0 59.0 32.0 100000000.0 7.0 16.0 123.0 136.0 114.0 124.0 143.0 118.0 78.0 58.0 50.0 87.0 169.0 120.0 161.0 115.0 81.0 68.0 96.0 109.0 125.0 115.0 69.0 51.0 126.0 157.0 90.0 125.0 160.0 135.0 114.0 144.0 135.0 96.0 138.0 55.0 41.0 185.0 112.0 88.0 
41.0 97.0 80.0 117.0 115.0 162.0 149.0 90.0 84.0 132.0 57.0 104.0 27.0 55.0 28.0 7.0 100000000.0 9.0 116.0 132.0 107.0 117.0 136.0 111.0 71.0 51.0 43.0 80.0 162.0 113.0 154.0 108.0 77.0 61.0 89.0 105.0 121.0 111.0 65.0 47.0 119.0 150.0 83.0 118.0 153.0 128.0 107.0 137.0 128.0 89.0 131.0 51.0 34.0 178.0 105.0 81.0 
32.0 88.0 71.0 108.0 122.0 169.0 156.0 97.0 91.0 139.0 64.0 111.0 36.0 62.0 35.0 16.0 9.0 100000000.0 107.0 141.0 98.0 108.0 127.0 102.0 62.0 42.0 34.0 71.0 153.0 104.0 145.0 99.0 84.0 52.0 80.0 112.0 128.0 118.0 74.0 56.0 110.0 141.0 74.0 109.0 144.0 119.0 98.0 128.0 119.0 80.0 122.0 58.0 25.0 169.0 96.0 72.0 
134.0 190.0 173.0 210.0 133.0 180.0 167.0 99.0 93.0 113.0 66.0 85.0 96.0 96.0 95.0 127.0 134.0 130.0 100000000.0 46.0 63.0 116.0 135.0 147.0 166.0 146.0 138.0 175.0 257.0 208.0 249.0 201.0 86.0 154.0 182.0 141.0 130.0 92.0 37.0 19.0 75.0 106.0 93.0 213.0 248.0 223.0 202.0 230.0 221.0 184.0 130.0 72.0 129.0 273.0 169.0 174.0 
153.0 209.0 192.0 229.0 152.0 199.0 186.0 118.0 112.0 132.0 85.0 104.0 115.0 115.0 114.0 146.0 153.0 149.0 19.0 100000000.0 17.0 70.0 89.0 101.0 135.0 148.0 157.0 137.0 219.0 183.0 211.0 220.0 105.0 173.0 201.0 160.0 149.0 111.0 56.0 38.0 29.0 60.0 47.0 175.0 210.0 185.0 221.0 249.0 240.0 146.0 84.0 91.0 148.0 235.0 123.0 193.0 
179.0 235.0 218.0 255.0 178.0 225.0 212.0 144.0 138.0 158.0 111.0 130.0 141.0 141.0 140.0 172.0 179.0 175.0 45.0 57.0 100000000.0 53.0 72.0 84.0 118.0 131.0 183.0 120.0 202.0 166.0 194.0 241.0 131.0 199.0 222.0 186.0 175.0 137.0 82.0 64.0 12.0 43.0 30.0 158.0 193.0 168.0 209.0 270.0 261.0 129.0 67.0 117.0 174.0 218.0 106.0 214.0 
165.0 199.0 204.0 219.0 243.0 290.0 277.0 209.0 203.0 223.0 176.0 195.0 206.0 206.0 192.0 199.0 192.0 183.0 110.0 112.0 82.0 100000000.0 19.0 31.0 65.0 78.0 149.0 67.0 149.0 113.0 141.0 188.0 196.0 185.0 169.0 251.0 240.0 202.0 147.0 129.0 70.0 49.0 77.0 105.0 140.0 115.0 156.0 217.0 208.0 76.0 14.0 182.0 158.0 165.0 53.0 161.0 
205.0 239.0 244.0 259.0 237.0 284.0 271.0 203.0 197.0 217.0 170.0 189.0 200.0 200.0 199.0 231.0 232.0 223.0 104.0 93.0 63.0 40.0 100000000.0 71.0 105.0 118.0 189.0 107.0 167.0 153.0 181.0 228.0 190.0 225.0 209.0 245.0 234.0 196.0 141.0 123.0 51.0 30.0 93.0 145.0 158.0 155.0 196.0 254.0 248.0 116.0 54.0 176.0 198.0 183.0 93.0 201.0 
134.0 168.0 173.0 188.0 212.0 259.0 246.0 178.0 172.0 192.0 145.0 164.0 175.0 175.0 161.0 168.0 161.0 152.0 79.0 125.0 70.0 36.0 55.0 100000000.0 34.0 47.0 118.0 36.0 118.0 82.0 110.0 157.0 165.0 154.0 138.0 220.0 209.0 171.0 116.0 98.0 82.0 85.0 46.0 74.0 109.0 84.0 125.0 186.0 177.0 45.0 50.0 151.0 127.0 134.0 22.0 130.0 
146.0 180.0 185.0 200.0 178.0 225.0 212.0 144.0 138.0 158.0 111.0 130.0 141.0 141.0 140.0 172.0 173.0 164.0 45.0 91.0 36.0 46.0 65.0 77.0 100000000.0 59.0 130.0 48.0 130.0 94.0 122.0 169.0 131.0 166.0 150.0 186.0 175.0 137.0 82.0 64.0 48.0 79.0 12.0 86.0 121.0 96.0 137.0 198.0 189.0 57.0 60.0 117.0 139.0 146.0 34.0 142.0 
166.0 200.0 205.0 220.0 198.0 245.0 232.0 164.0 158.0 178.0 131.0 150.0 161.0 161.0 160.0 192.0 193.0 184.0 65.0 111.0 56.0 66.0 85.0 97.0 20.0 100000000.0 150.0 68.0 150.0 114.0 142.0 189.0 151.0 186.0 170.0 206.0 195.0 157.0 102.0 84.0 68.0 99.0 32.0 106.0 141.0 116.0 157.0 218.0 209.0 77.0 80.0 137.0 159.0 166.0 54.0 162.0 
16.0 72.0 55.0 92.0 125.0 172.0 156.0 105.0 99.0 147.0 72.0 119.0 68.0 70.0 43.0 50.0 43.0 34.0 73.0 119.0 64.0 74.0 93.0 68.0 28.0 8.0 100000000.0 37.0 119.0 70.0 111.0 83.0 92.0 36.0 64.0 120.0 136.0 126.0 106.0 88.0 76.0 107.0 40.0 75.0 110.0 85.0 64.0 112.0 103.0 46.0 88.0 66.0 9.0 135.0 62.0 56.0 
98.0 132.0 137.0 152.0 185.0 232.0 216.0 187.0 181.0 223.0 154.0 195.0 150.0 152.0 125.0 132.0 125.0 116.0 110.0 156.0 101.0 67.0 86.0 31.0 65.0 78.0 82.0 100000000.0 82.0 46.0 74.0 121.0 174.0 118.0 102.0 202.0 218.0 202.0 147.0 129.0 113.0 116.0 77.0 38.0 73.0 48.0 89.0 150.0 141.0 9.0 81.0 148.0 91.0 98.0 53.0 94.0 
80.0 114.0 119.0 134.0 167.0 214.0 198.0 169.0 163.0 211.0 136.0 183.0 132.0 134.0 107.0 114.0 107.0 98.0 137.0 183.0 128.0 110.0 129.0 74.0 92.0 72.0 64.0 43.0 100000000.0 28.0 56.0 103.0 156.0 100.0 84.0 184.0 200.0 190.0 170.0 152.0 140.0 159.0 104.0 42.0 62.0 30.0 71.0 132.0 123.0 52.0 124.0 130.0 73.0 16.0 96.0 76.0 
52.0 101.0 91.0 121.0 154.0 201.0 185.0 141.0 135.0 183.0 108.0 155.0 104.0 106.0 79.0 86.0 79.0 70.0 109.0 155.0 100.0 82.0 101.0 46.0 64.0 44.0 36.0 15.0 97.0 100000000.0 89.0 90.0 128.0 72.0 71.0 156.0 172.0 162.0 142.0 124.0 112.0 131.0 76.0 53.0 88.0 63.0 58.0 119.0 110.0 24.0 96.0 102.0 45.0 113.0 68.0 63.0 
124.0 86.0 102.0 106.0 139.0 186.0 170.0 173.0 193.0 241.0 171.0 218.0 167.0 139.0 142.0 158.0 151.0 142.0 181.0 227.0 172.0 154.0 173.0 118.0 136.0 116.0 108.0 87.0 168.0 72.0 100000000.0 75.0 191.0 128.0 56.0 189.0 230.0 225.0 205.0 187.0 184.0 203.0 148.0 125.0 159.0 135.0 34.0 104.0 95.0 96.0 168.0 165.0 117.0 184.0 140.0 48.0 
108.0 70.0 86.0 51.0 84.0 131.0 115.0 118.0 138.0 186.0 151.0 198.0 151.0 123.0 126.0 142.0 135.0 126.0 165.0 211.0 156.0 138.0 157.0 102.0 120.0 100.0 92.0 71.0 93.0 56.0 95.0 100000000.0 144.0 112.0 40.0 160.0 175.0 205.0 189.0 171.0 168.0 187.0 132.0 109.0 84.0 93.0 18.0 29.0 29.0 80.0 152.0 149.0 101.0 109.0 124.0 32.0 
128.0 184.0 167.0 203.0 61.0 108.0 95.0 27.0 7.0 55.0 60.0 107.0 90.0 90.0 89.0 121.0 128.0 124.0 191.0 186.0 196.0 206.0 225.0 200.0 160.0 140.0 132.0 169.0 251.0 202.0 243.0 195.0 100000000.0 148.0 176.0 69.0 44.0 96.0 119.0 110.0 208.0 239.0 172.0 207.0 242.0 217.0 196.0 178.0 181.0 178.0 220.0 66.0 123.0 267.0 194.0 168.0 
53.0 36.0 19.0 56.0 89.0 136.0 120.0 121.0 115.0 163.0 88.0 135.0 84.0 56.0 59.0 84.0 77.0 68.0 110.0 156.0 101.0 111.0 130.0 105.0 65.0 45.0 37.0 74.0 140.0 60.0 142.0 47.0 108.0 100000000.0 28.0 106.0 152.0 142.0 122.0 104.0 113.0 144.0 77.0 112.0 131.0 122.0 54.0 76.0 67.0 83.0 125.0 82.0 46.0 156.0 99.0 20.0 
87.0 30.0 46.0 50.0 83.0 130.0 114.0 117.0 137.0 185.0 115.0 162.0 111.0 83.0 86.0 111.0 104.0 95.0 176.0 216.0 167.0 176.0 195.0 140.0 131.0 111.0 103.0 109.0 131.0 94.0 133.0 38.0 135.0 72.0 100000000.0 133.0 174.0 169.0 149.0 131.0 179.0 210.0 143.0 147.0 122.0 131.0 56.0 67.0 39.0 118.0 190.0 109.0 94.0 147.0 162.0 70.0 
155.0 199.0 194.0 180.0 38.0 85.0 72.0 54.0 74.0 122.0 87.0 134.0 117.0 117.0 116.0 148.0 155.0 151.0 218.0 213.0 223.0 233.0 252.0 227.0 187.0 167.0 159.0 196.0 260.0 229.0 262.0 186.0 80.0 175.0 203.0 100000000.0 111.0 141.0 146.0 137.0 235.0 266.0 199.0 234.0 251.0 244.0 204.0 155.0 158.0 205.0 247.0 93.0 150.0 276.0 221.0 195.0 
116.0 172.0 155.0 192.0 91.0 138.0 122.0 57.0 37.0 11.0 48.0 64.0 78.0 78.0 77.0 109.0 116.0 112.0 148.0 143.0 160.0 194.0 213.0 188.0 148.0 128.0 120.0 157.0 239.0 190.0 231.0 183.0 68.0 136.0 164.0 99.0 100000000.0 52.0 76.0 98.0 167.0 198.0 160.0 195.0 230.0 205.0 184.0 208.0 203.0 166.0 208.0 54.0 111.0 255.0 182.0 156.0 
126.0 182.0 165.0 202.0 112.0 159.0 146.0 78.0 58.0 21.0 58.0 71.0 88.0 88.0 87.0 119.0 126.0 122.0 155.0 150.0 167.0 204.0 223.0 198.0 158.0 138.0 130.0 167.0 249.0 200.0 241.0 193.0 78.0 146.0 174.0 120.0 44.0 100000000.0 83.0 108.0 174.0 205.0 170.0 205.0 240.0 215.0 194.0 222.0 213.0 176.0 218.0 64.0 121.0 265.0 192.0 166.0 
97.0 153.0 136.0 173.0 96.0 143.0 130.0 62.0 56.0 76.0 29.0 48.0 59.0 59.0 58.0 90.0 97.0 93.0 72.0 67.0 84.0 132.0 151.0 163.0 129.0 109.0 101.0 138.0 220.0 171.0 212.0 164.0 49.0 117.0 145.0 104.0 93.0 55.0 100000000.0 79.0 91.0 122.0 114.0 176.0 211.0 186.0 165.0 193.0 184.0 147.0 146.0 35.0 92.0 236.0 163.0 137.0 
115.0 171.0 154.0 191.0 114.0 161.0 148.0 80.0 74.0 94.0 47.0 66.0 77.0 77.0 76.0 108.0 115.0 111.0 90.0 85.0 102.0 150.0 169.0 181.0 147.0 127.0 119.0 156.0 238.0 189.0 230.0 182.0 67.0 135.0 163.0 122.0 111.0 73.0 18.0 100000000.0 109.0 140.0 132.0 194.0 229.0 204.0 183.0 211.0 202.0 165.0 164.0 53.0 110.0 254.0 181.0 155.0 
190.0 240.0 229.0 260.0 189.0 236.0 223.0 155.0 149.0 169.0 122.0 141.0 152.0 152.0 151.0 183.0 190.0 186.0 56.0 45.0 12.0 41.0 60.0 72.0 106.0 119.0 190.0 108.0 190.0 154.0 182.0 229.0 142.0 210.0 210.0 197.0 186.0 148.0 93.0 75.0 100000000.0 31.0 42.0 146.0 181.0 156.0 197.0 258.0 249.0 117.0 55.0 128.0 185.0 206.0 94.0 202.0 
175.0 209.0 214.0 229.0 253.0 300.0 287.0 219.0 213.0 233.0 186.0 205.0 216.0 216.0 202.0 209.0 202.0 193.0 120.0 122.0 92.0 10.0 29.0 41.0 75.0 88.0 159.0 77.0 159.0 123.0 151.0 198.0 206.0 195.0 179.0 261.0 250.0 212.0 157.0 139.0 80.0 100000000.0 87.0 115.0 150.0 125.0 166.0 227.0 218.0 86.0 24.0 192.0 168.0 175.0 63.0 171.0 
199.0 233.0 238.0 253.0 277.0 324.0 311.0 243.0 237.0 257.0 210.0 229.0 240.0 240.0 226.0 233.0 226.0 217.0 144.0 146.0 116.0 34.0 53.0 65.0 99.0 112.0 183.0 101.0 183.0 147.0 175.0 222.0 230.0 219.0 203.0 285.0 274.0 236.0 181.0 163.0 104.0 83.0 100000000.0 139.0 174.0 149.0 190.0 251.0 242.0 110.0 48.0 216.0 192.0 199.0 87.0 195.0 
124.0 158.0 163.0 178.0 211.0 250.0 219.0 213.0 207.0 255.0 180.0 227.0 176.0 178.0 151.0 158.0 151.0 142.0 154.0 189.0 145.0 111.0 96.0 75.0 109.0 116.0 108.0 87.0 44.0 72.0 86.0 141.0 200.0 144.0 128.0 228.0 244.0 234.0 191.0 173.0 147.0 126.0 121.0 100000000.0 35.0 74.0 115.0 131.0 167.0 96.0 125.0 174.0 117.0 60.0 97.0 120.0 
89.0 123.0 128.0 143.0 176.0 215.0 184.0 178.0 172.0 220.0 145.0 192.0 141.0 143.0 116.0 123.0 116.0 107.0 146.0 192.0 137.0 119.0 138.0 83.0 101.0 81.0 73.0 52.0 9.0 37.0 51.0 106.0 165.0 109.0 93.0 193.0 209.0 199.0 179.0 161.0 149.0 168.0 113.0 51.0 100000000.0 39.0 80.0 96.0 132.0 61.0 133.0 139.0 82.0 25.0 105.0 85.0 
99.0 84.0 100.0 104.0 137.0 184.0 168.0 171.0 182.0 230.0 155.0 202.0 151.0 137.0 126.0 133.0 126.0 117.0 156.0 202.0 147.0 129.0 148.0 93.0 111.0 91.0 83.0 62.0 41.0 47.0 26.0 73.0 175.0 119.0 54.0 187.0 219.0 209.0 189.0 171.0 159.0 178.0 123.0 83.0 32.0 100000000.0 41.0 102.0 93.0 71.0 143.0 149.0 92.0 57.0 115.0 46.0 
90.0 52.0 68.0 72.0 105.0 152.0 136.0 139.0 159.0 207.0 137.0 184.0 133.0 105.0 108.0 124.0 117.0 108.0 147.0 193.0 138.0 120.0 139.0 84.0 102.0 82.0 74.0 53.0 134.0 38.0 127.0 41.0 157.0 94.0 22.0 155.0 196.0 191.0 171.0 153.0 150.0 169.0 114.0 91.0 125.0 101.0 100000000.0 70.0 61.0 62.0 134.0 131.0 83.0 150.0 106.0 14.0 
160.0 103.0 119.0 84.0 117.0 119.0 88.0 151.0 171.0 219.0 184.0 231.0 184.0 156.0 159.0 184.0 177.0 168.0 226.0 272.0 217.0 199.0 218.0 163.0 181.0 161.0 153.0 132.0 105.0 117.0 107.0 61.0 177.0 145.0 101.0 193.0 208.0 238.0 222.0 204.0 229.0 248.0 193.0 147.0 96.0 105.0 79.0 100000000.0 62.0 141.0 213.0 182.0 162.0 121.0 185.0 93.0 
98.0 41.0 57.0 22.0 55.0 102.0 86.0 89.0 109.0 157.0 122.0 169.0 122.0 94.0 97.0 122.0 115.0 106.0 187.0 227.0 178.0 167.0 186.0 131.0 142.0 122.0 114.0 100.0 122.0 85.0 124.0 29.0 115.0 83.0 69.0 131.0 146.0 176.0 160.0 142.0 190.0 216.0 154.0 138.0 113.0 122.0 47.0 58.0 100000000.0 109.0 181.0 120.0 105.0 138.0 153.0 61.0 
89.0 123.0 128.0 143.0 176.0 223.0 207.0 178.0 172.0 220.0 145.0 192.0 141.0 143.0 116.0 123.0 116.0 107.0 146.0 192.0 137.0 119.0 123.0 83.0 101.0 81.0 73.0 52.0 73.0 37.0 65.0 112.0 165.0 109.0 93.0 193.0 209.0 199.0 179.0 161.0 149.0 153.0 113.0 29.0 64.0 39.0 80.0 141.0 132.0 100000000.0 133.0 139.0 82.0 89.0 105.0 85.0 
151.0 185.0 190.0 205.0 229.0 276.0 263.0 195.0 189.0 209.0 162.0 181.0 192.0 192.0 178.0 185.0 178.0 169.0 96.0 132.0 87.0 53.0 39.0 17.0 51.0 64.0 135.0 53.0 135.0 99.0 127.0 174.0 182.0 171.0 155.0 237.0 226.0 188.0 133.0 115.0 90.0 69.0 63.0 91.0 126.0 101.0 142.0 203.0 194.0 62.0 100000000.0 168.0 144.0 151.0 39.0 147.0 
62.0 118.0 101.0 138.0 73.0 120.0 107.0 39.0 33.0 81.0 6.0 53.0 24.0 24.0 23.0 55.0 62.0 58.0 134.0 129.0 130.0 140.0 159.0 134.0 94.0 74.0 66.0 103.0 185.0 136.0 177.0 129.0 26.0 82.0 110.0 74.0 70.0 60.0 62.0 44.0 142.0 173.0 106.0 141.0 176.0 151.0 130.0 158.0 149.0 112.0 154.0 100000000.0 57.0 201.0 128.0 102.0 
7.0 63.0 46.0 83.0 116.0 163.0 147.0 96.0 90.0 138.0 63.0 110.0 59.0 61.0 34.0 41.0 34.0 25.0 82.0 128.0 73.0 83.0 102.0 77.0 37.0 17.0 9.0 46.0 128.0 79.0 120.0 74.0 83.0 27.0 55.0 111.0 127.0 117.0 97.0 79.0 85.0 116.0 49.0 84.0 119.0 94.0 73.0 103.0 94.0 55.0 97.0 57.0 100000000.0 144.0 71.0 47.0 
150.0 184.0 189.0 204.0 237.0 276.0 245.0 239.0 233.0 281.0 206.0 253.0 202.0 204.0 177.0 184.0 177.0 168.0 180.0 215.0 171.0 137.0 122.0 101.0 135.0 142.0 134.0 113.0 70.0 98.0 112.0 167.0 226.0 170.0 154.0 254.0 270.0 260.0 217.0 199.0 173.0 152.0 147.0 26.0 61.0 100.0 141.0 157.0 193.0 122.0 151.0 200.0 143.0 100000000.0 123.0 146.0 
112.0 146.0 151.0 166.0 199.0 246.0 230.0 201.0 195.0 237.0 168.0 209.0 164.0 166.0 139.0 146.0 139.0 130.0 124.0 170.0 115.0 81.0 100.0 45.0 79.0 92.0 96.0 14.0 96.0 60.0 88.0 135.0 188.0 132.0 116.0 216.0 232.0 216.0 161.0 143.0 127.0 130.0 91.0 52.0 87.0 62.0 103.0 164.0 155.0 23.0 95.0 162.0 105.0 112.0 100000000.0 108.0 
95.0 38.0 54.0 58.0 91.0 138.0 122.0 125.0 145.0 193.0 123.0 170.0 119.0 91.0 94.0 119.0 112.0 103.0 184.0 224.0 175.0 165.0 184.0 129.0 139.0 119.0 111.0 98.0 120.0 83.0 122.0 27.0 143.0 80.0 8.0 141.0 182.0 177.0 157.0 139.0 187.0 214.0 151.0 136.0 111.0 120.0 45.0 56.0 47.0 107.0 179.0 117.0 102.0 136.0 151.0 0.0 