100000000.0 26.0 82.0 65.0 102.0 100.0 147.0 75.0 69.0 117.0 42.0 89.0 125.0 38.0 40.0 13.0 38.0 31.0 22.0 103.0 143.0 94.0 104.0 123.0 140.0 98.0 58.0 38.0 30.0 67.0 120.0 149.0 100.0 141.0 93.0 162.0 62.0 46.0 74.0 104.0 90.0 106.0 71.0 96.0 158.0 76.0 58.0 59.0 106.0 137.0 48.0 118.0 105.0 140.0 55.0 115.0 94.0 122.0 154.0 118.0 36.0 21.0 165.0 92.0 66.0 
66.0 100000000.0 56.0 39.0 76.0 109.0 156.0 141.0 135.0 183.0 108.0 155.0 190.0 104.0 76.0 79.0 104.0 97.0 88.0 130.0 176.0 121.0 131.0 150.0 167.0 125.0 85.0 65.0 57.0 94.0 147.0 160.0 80.0 162.0 67.0 189.0 128.0 20.0 48.0 81.0 156.0 172.0 137.0 162.0 224.0 142.0 124.0 95.0 133.0 164.0 75.0 145.0 132.0 151.0 82.0 142.0 74.0 96.0 128.0 145.0 102.0 66.0 176.0 119.0 40.0 
43.0 57.0 100000000.0 16.0 20.0 53.0 100.0 87.0 107.0 155.0 85.0 132.0 168.0 81.0 53.0 56.0 81.0 74.0 65.0 146.0 186.0 137.0 147.0 166.0 183.0 141.0 101.0 81.0 73.0 110.0 163.0 164.0 102.0 166.0 71.0 205.0 105.0 42.0 70.0 25.0 128.0 144.0 114.0 139.0 201.0 119.0 101.0 72.0 149.0 180.0 91.0 161.0 148.0 155.0 98.0 158.0 89.0 100.0 109.0 161.0 79.0 64.0 180.0 135.0 62.0 
27.0 41.0 62.0 100000000.0 82.0 97.0 144.0 102.0 96.0 144.0 69.0 116.0 152.0 65.0 37.0 40.0 65.0 58.0 49.0 130.0 170.0 121.0 131.0 150.0 167.0 125.0 85.0 65.0 57.0 94.0 147.0 166.0 86.0 168.0 73.0 189.0 89.0 26.0 54.0 87.0 117.0 133.0 98.0 123.0 185.0 103.0 85.0 56.0 133.0 164.0 75.0 145.0 132.0 157.0 82.0 142.0 80.0 102.0 134.0 145.0 63.0 48.0 182.0 119.0 46.0 
106.0 120.0 63.0 79.0 100000000.0 33.0 80.0 67.0 87.0 135.0 100.0 147.0 208.0 130.0 116.0 119.0 144.0 137.0 128.0 209.0 226.0 200.0 189.0 208.0 195.0 153.0 164.0 144.0 136.0 122.0 175.0 144.0 107.0 146.0 51.0 268.0 93.0 105.0 91.0 5.0 108.0 124.0 129.0 154.0 199.0 159.0 150.0 78.0 212.0 238.0 154.0 173.0 160.0 135.0 126.0 144.0 69.0 80.0 89.0 203.0 106.0 127.0 160.0 175.0 83.0 
109.0 135.0 161.0 174.0 142.0 100000000.0 47.0 34.0 54.0 102.0 67.0 114.0 175.0 97.0 97.0 96.0 128.0 135.0 131.0 198.0 193.0 203.0 213.0 232.0 249.0 207.0 167.0 147.0 139.0 176.0 229.0 222.0 204.0 224.0 148.0 235.0 60.0 155.0 183.0 81.0 75.0 91.0 96.0 121.0 166.0 126.0 117.0 45.0 215.0 246.0 157.0 227.0 214.0 213.0 164.0 222.0 166.0 117.0 119.0 227.0 73.0 130.0 238.0 201.0 175.0 
157.0 171.0 114.0 130.0 95.0 60.0 100000000.0 94.0 114.0 162.0 127.0 174.0 235.0 157.0 157.0 156.0 188.0 188.0 179.0 258.0 253.0 251.0 239.0 258.0 245.0 203.0 215.0 195.0 187.0 172.0 207.0 175.0 157.0 177.0 101.0 295.0 120.0 156.0 141.0 34.0 135.0 151.0 156.0 181.0 226.0 186.0 177.0 105.0 263.0 288.0 205.0 223.0 210.0 166.0 176.0 175.0 119.0 70.0 72.0 253.0 133.0 178.0 191.0 225.0 133.0 
75.0 101.0 157.0 140.0 176.0 34.0 81.0 100000000.0 20.0 68.0 33.0 80.0 141.0 63.0 63.0 62.0 94.0 101.0 97.0 164.0 159.0 169.0 179.0 198.0 215.0 173.0 133.0 113.0 105.0 142.0 195.0 224.0 175.0 216.0 168.0 201.0 26.0 121.0 149.0 56.0 41.0 57.0 62.0 87.0 132.0 92.0 83.0 11.0 181.0 212.0 123.0 193.0 180.0 215.0 130.0 190.0 169.0 151.0 153.0 193.0 39.0 96.0 240.0 167.0 141.0 
95.0 121.0 177.0 160.0 196.0 54.0 101.0 20.0 100000000.0 48.0 53.0 100.0 158.0 83.0 83.0 82.0 114.0 121.0 117.0 184.0 179.0 189.0 199.0 218.0 235.0 193.0 153.0 133.0 125.0 162.0 215.0 244.0 195.0 236.0 188.0 221.0 46.0 141.0 169.0 76.0 21.0 37.0 82.0 89.0 112.0 112.0 103.0 31.0 201.0 232.0 143.0 213.0 200.0 235.0 150.0 210.0 189.0 171.0 173.0 213.0 59.0 116.0 260.0 187.0 161.0 
79.0 105.0 161.0 144.0 181.0 91.0 138.0 57.0 37.0 100000000.0 37.0 53.0 114.0 67.0 67.0 66.0 98.0 105.0 101.0 137.0 132.0 149.0 183.0 202.0 219.0 177.0 137.0 117.0 109.0 146.0 199.0 228.0 179.0 220.0 172.0 174.0 57.0 125.0 153.0 113.0 58.0 54.0 35.0 41.0 103.0 65.0 87.0 68.0 156.0 187.0 127.0 197.0 184.0 219.0 134.0 194.0 173.0 201.0 210.0 197.0 43.0 100.0 244.0 171.0 145.0 
42.0 68.0 124.0 107.0 144.0 67.0 114.0 33.0 27.0 75.0 100000000.0 47.0 108.0 30.0 30.0 29.0 61.0 68.0 64.0 131.0 126.0 136.0 146.0 165.0 182.0 140.0 100.0 80.0 72.0 109.0 162.0 191.0 142.0 183.0 135.0 168.0 20.0 88.0 116.0 89.0 48.0 64.0 29.0 54.0 116.0 59.0 50.0 44.0 148.0 179.0 90.0 160.0 147.0 182.0 97.0 157.0 136.0 164.0 186.0 160.0 6.0 63.0 207.0 134.0 108.0 
83.0 109.0 165.0 148.0 185.0 108.0 155.0 74.0 68.0 88.0 41.0 100000000.0 61.0 71.0 71.0 70.0 102.0 109.0 105.0 84.0 79.0 96.0 144.0 163.0 190.0 175.0 141.0 121.0 113.0 150.0 203.0 232.0 183.0 224.0 176.0 121.0 61.0 129.0 157.0 130.0 89.0 105.0 42.0 67.0 129.0 12.0 91.0 85.0 103.0 134.0 131.0 201.0 188.0 223.0 138.0 198.0 177.0 205.0 227.0 158.0 47.0 104.0 248.0 175.0 149.0 
204.0 230.0 286.0 269.0 306.0 216.0 255.0 182.0 162.0 125.0 162.0 123.0 100000000.0 192.0 192.0 191.0 223.0 230.0 226.0 144.0 139.0 156.0 184.0 165.0 230.0 215.0 249.0 242.0 234.0 251.0 282.0 332.0 297.0 325.0 297.0 113.0 182.0 250.0 278.0 238.0 173.0 147.0 160.0 104.0 114.0 135.0 163.0 193.0 147.0 174.0 252.0 267.0 289.0 323.0 259.0 299.0 298.0 325.0 327.0 198.0 168.0 225.0 348.0 237.0 270.0 
38.0 64.0 120.0 103.0 140.0 88.0 135.0 63.0 57.0 105.0 30.0 77.0 87.0 100000000.0 28.0 25.0 31.0 38.0 47.0 110.0 105.0 122.0 142.0 161.0 178.0 136.0 96.0 76.0 68.0 105.0 158.0 187.0 138.0 179.0 131.0 147.0 50.0 84.0 112.0 92.0 78.0 94.0 59.0 84.0 146.0 38.0 20.0 47.0 129.0 160.0 86.0 156.0 143.0 178.0 93.0 153.0 132.0 160.0 192.0 156.0 24.0 59.0 203.0 130.0 104.0 
151.0 177.0 221.0 216.0 202.0 60.0 107.0 76.0 96.0 144.0 109.0 156.0 217.0 139.0 100000000.0 138.0 170.0 177.0 173.0 240.0 235.0 245.0 255.0 274.0 291.0 249.0 209.0 189.0 181.0 218.0 271.0 282.0 251.0 284.0 208.0 277.0 102.0 197.0 225.0 64.0 117.0 133.0 138.0 163.0 208.0 168.0 159.0 19.0 257.0 288.0 199.0 269.0 256.0 273.0 206.0 266.0 226.0 177.0 179.0 269.0 115.0 172.0 298.0 243.0 217.0 
13.0 39.0 95.0 78.0 115.0 87.0 134.0 62.0 56.0 104.0 29.0 76.0 112.0 25.0 27.0 100000000.0 32.0 39.0 35.0 116.0 130.0 107.0 117.0 136.0 153.0 111.0 71.0 51.0 43.0 80.0 133.0 162.0 113.0 154.0 106.0 172.0 49.0 59.0 87.0 91.0 77.0 93.0 58.0 83.0 145.0 63.0 45.0 46.0 119.0 150.0 61.0 131.0 118.0 153.0 68.0 128.0 107.0 135.0 167.0 131.0 23.0 34.0 178.0 105.0 79.0 
38.0 48.0 104.0 87.0 124.0 119.0 166.0 94.0 88.0 136.0 61.0 108.0 118.0 31.0 59.0 32.0 100000000.0 7.0 16.0 123.0 136.0 114.0 124.0 143.0 160.0 118.0 78.0 58.0 50.0 87.0 140.0 169.0 120.0 161.0 115.0 178.0 81.0 68.0 96.0 123.0 109.0 125.0 90.0 115.0 177.0 69.0 51.0 78.0 126.0 157.0 68.0 138.0 125.0 160.0 75.0 135.0 114.0 144.0 176.0 138.0 55.0 41.0 185.0 112.0 88.0 
31.0 41.0 97.0 80.0 117.0 115.0 162.0 90.0 84.0 132.0 57.0 104.0 114.0 27.0 55.0 28.0 7.0 100000000.0 9.0 116.0 132.0 107.0 117.0 136.0 153.0 111.0 71.0 51.0 43.0 80.0 133.0 162.0 113.0 154.0 108.0 174.0 77.0 61.0 89.0 119.0 105.0 121.0 86.0 111.0 173.0 65.0 47.0 74.0 119.0 150.0 61.0 131.0 118.0 153.0 68.0 128.0 107.0 137.0 169.0 131.0 51.0 34.0 178.0 105.0 81.0 
22.0 32.0 88.0 71.0 108.0 122.0 169.0 97.0 91.0 139.0 64.0 111.0 123.0 36.0 62.0 35.0 16.0 9.0 100000000.0 107.0 141.0 98.0 108.0 127.0 144.0 102.0 62.0 42.0 34.0 71.0 124.0 153.0 104.0 145.0 99.0 166.0 84.0 52.0 80.0 113.0 112.0 128.0 93.0 118.0 180.0 74.0 56.0 81.0 110.0 141.0 52.0 122.0 109.0 144.0 59.0 119.0 98.0 128.0 160.0 122.0 58.0 25.0 169.0 96.0 72.0 
108.0 134.0 190.0 173.0 210.0 133.0 180.0 99.0 93.0 113.0 66.0 85.0 60.0 96.0 96.0 95.0 127.0 134.0 130.0 100000000.0 46.0 63.0 116.0 135.0 162.0 147.0 166.0 146.0 138.0 175.0 221.0 257.0 208.0 249.0 201.0 120.0 86.0 154.0 182.0 155.0 114.0 130.0 67.0 92.0 154.0 37.0 19.0 110.0 75.0 106.0 156.0 199.0 213.0 248.0 163.0 223.0 202.0 230.0 252.0 130.0 72.0 129.0 273.0 169.0 174.0 
127.0 153.0 209.0 192.0 229.0 152.0 199.0 118.0 112.0 132.0 85.0 104.0 79.0 115.0 115.0 114.0 146.0 153.0 149.0 19.0 100000000.0 17.0 70.0 89.0 116.0 101.0 135.0 148.0 157.0 137.0 175.0 219.0 183.0 211.0 220.0 85.0 105.0 173.0 201.0 174.0 133.0 149.0 86.0 111.0 173.0 56.0 38.0 129.0 29.0 60.0 175.0 153.0 175.0 210.0 182.0 185.0 221.0 249.0 271.0 84.0 91.0 148.0 235.0 123.0 193.0 
153.0 179.0 235.0 218.0 255.0 178.0 225.0 144.0 138.0 158.0 111.0 130.0 105.0 141.0 141.0 140.0 172.0 179.0 175.0 45.0 57.0 100000000.0 53.0 72.0 99.0 84.0 118.0 131.0 183.0 120.0 158.0 202.0 166.0 194.0 241.0 68.0 131.0 199.0 222.0 200.0 159.0 175.0 112.0 137.0 199.0 82.0 64.0 155.0 12.0 43.0 201.0 136.0 158.0 193.0 185.0 168.0 209.0 270.0 297.0 67.0 117.0 174.0 218.0 106.0 214.0 
179.0 165.0 199.0 204.0 219.0 243.0 290.0 209.0 203.0 223.0 176.0 195.0 165.0 206.0 206.0 192.0 199.0 192.0 183.0 110.0 112.0 82.0 100000000.0 19.0 46.0 31.0 65.0 78.0 149.0 67.0 105.0 149.0 113.0 141.0 188.0 95.0 196.0 185.0 169.0 224.0 224.0 240.0 177.0 202.0 260.0 147.0 129.0 220.0 70.0 49.0 167.0 83.0 105.0 140.0 132.0 115.0 156.0 217.0 249.0 14.0 182.0 158.0 165.0 53.0 161.0 
212.0 205.0 239.0 244.0 259.0 237.0 284.0 203.0 197.0 217.0 170.0 189.0 146.0 200.0 200.0 199.0 231.0 232.0 223.0 104.0 93.0 63.0 40.0 100000000.0 67.0 71.0 105.0 118.0 189.0 107.0 117.0 167.0 153.0 181.0 228.0 76.0 190.0 225.0 209.0 259.0 218.0 234.0 171.0 196.0 241.0 141.0 123.0 214.0 51.0 30.0 207.0 104.0 145.0 158.0 172.0 155.0 196.0 254.0 286.0 54.0 176.0 198.0 183.0 93.0 201.0 
184.0 170.0 204.0 209.0 224.0 248.0 295.0 214.0 208.0 228.0 181.0 200.0 175.0 211.0 211.0 197.0 204.0 197.0 188.0 115.0 150.0 106.0 72.0 57.0 100000000.0 36.0 70.0 83.0 154.0 72.0 59.0 109.0 118.0 146.0 193.0 133.0 201.0 190.0 174.0 229.0 229.0 245.0 182.0 207.0 269.0 152.0 134.0 225.0 108.0 87.0 172.0 37.0 110.0 100.0 137.0 120.0 161.0 196.0 228.0 86.0 187.0 163.0 125.0 58.0 166.0 
148.0 134.0 168.0 173.0 188.0 212.0 259.0 178.0 172.0 192.0 145.0 164.0 139.0 175.0 175.0 161.0 168.0 161.0 152.0 79.0 125.0 70.0 36.0 55.0 82.0 100000000.0 34.0 47.0 118.0 36.0 89.0 118.0 82.0 110.0 157.0 131.0 165.0 154.0 138.0 193.0 193.0 209.0 146.0 171.0 233.0 116.0 98.0 189.0 82.0 85.0 136.0 87.0 74.0 109.0 101.0 84.0 125.0 186.0 218.0 50.0 151.0 127.0 134.0 22.0 130.0 
153.0 146.0 180.0 185.0 200.0 178.0 225.0 144.0 138.0 158.0 111.0 130.0 105.0 141.0 141.0 140.0 172.0 173.0 164.0 45.0 91.0 36.0 46.0 65.0 92.0 77.0 100000000.0 59.0 130.0 48.0 101.0 130.0 94.0 122.0 169.0 104.0 131.0 166.0 150.0 200.0 159.0 175.0 112.0 137.0 199.0 82.0 64.0 155.0 48.0 79.0 148.0 99.0 86.0 121.0 113.0 96.0 137.0 198.0 230.0 60.0 117.0 139.0 146.0 34.0 142.0 
173.0 166.0 200.0 205.0 220.0 198.0 245.0 164.0 158.0 178.0 131.0 150.0 125.0 161.0 161.0 160.0 192.0 193.0 184.0 65.0 111.0 56.0 66.0 85.0 112.0 97.0 20.0 100000000.0 150.0 68.0 121.0 150.0 114.0 142.0 189.0 124.0 151.0 186.0 170.0 220.0 179.0 195.0 132.0 157.0 219.0 102.0 84.0 175.0 68.0 99.0 168.0 119.0 106.0 141.0 133.0 116.0 157.0 218.0 250.0 80.0 137.0 159.0 166.0 54.0 162.0 
30.0 16.0 72.0 55.0 92.0 125.0 172.0 105.0 99.0 147.0 72.0 119.0 133.0 68.0 70.0 43.0 50.0 43.0 34.0 73.0 119.0 64.0 74.0 93.0 110.0 68.0 28.0 8.0 100000000.0 37.0 90.0 119.0 70.0 111.0 83.0 132.0 92.0 36.0 64.0 97.0 120.0 136.0 101.0 126.0 188.0 106.0 88.0 89.0 76.0 107.0 18.0 88.0 75.0 110.0 25.0 85.0 64.0 112.0 144.0 88.0 66.0 9.0 135.0 62.0 56.0 
112.0 98.0 132.0 137.0 152.0 185.0 232.0 187.0 181.0 223.0 154.0 195.0 170.0 150.0 152.0 125.0 132.0 125.0 116.0 110.0 156.0 101.0 67.0 86.0 73.0 31.0 65.0 78.0 82.0 100000000.0 53.0 82.0 46.0 74.0 121.0 162.0 174.0 118.0 102.0 157.0 202.0 218.0 177.0 202.0 264.0 147.0 129.0 171.0 113.0 116.0 100.0 51.0 38.0 73.0 65.0 48.0 89.0 150.0 182.0 81.0 148.0 91.0 98.0 53.0 94.0 
144.0 130.0 164.0 169.0 184.0 217.0 256.0 219.0 213.0 261.0 186.0 233.0 234.0 182.0 184.0 157.0 164.0 157.0 148.0 174.0 209.0 165.0 131.0 116.0 59.0 95.0 129.0 122.0 114.0 93.0 100000000.0 50.0 78.0 92.0 147.0 192.0 206.0 150.0 134.0 189.0 234.0 250.0 215.0 240.0 302.0 211.0 193.0 203.0 167.0 146.0 132.0 96.0 92.0 41.0 97.0 80.0 121.0 137.0 169.0 145.0 180.0 123.0 66.0 117.0 126.0 
94.0 80.0 114.0 119.0 134.0 167.0 214.0 169.0 163.0 211.0 136.0 183.0 197.0 132.0 134.0 107.0 114.0 107.0 98.0 137.0 183.0 128.0 110.0 129.0 81.0 74.0 92.0 72.0 64.0 43.0 57.0 100000000.0 28.0 56.0 103.0 196.0 156.0 100.0 84.0 139.0 184.0 200.0 165.0 190.0 252.0 170.0 152.0 153.0 140.0 159.0 82.0 59.0 42.0 62.0 47.0 30.0 71.0 132.0 164.0 124.0 130.0 73.0 16.0 96.0 76.0 
66.0 52.0 101.0 91.0 121.0 154.0 201.0 141.0 135.0 183.0 108.0 155.0 169.0 104.0 106.0 79.0 86.0 79.0 70.0 109.0 155.0 100.0 82.0 101.0 88.0 46.0 64.0 44.0 36.0 15.0 68.0 97.0 100000000.0 89.0 90.0 168.0 128.0 72.0 71.0 126.0 156.0 172.0 137.0 162.0 224.0 142.0 124.0 125.0 112.0 131.0 54.0 66.0 53.0 88.0 19.0 63.0 58.0 119.0 151.0 96.0 102.0 45.0 113.0 68.0 63.0 
129.0 124.0 86.0 102.0 106.0 139.0 186.0 173.0 193.0 241.0 171.0 218.0 241.0 167.0 139.0 142.0 158.0 151.0 142.0 181.0 227.0 172.0 154.0 173.0 160.0 118.0 136.0 116.0 108.0 87.0 140.0 168.0 72.0 100000000.0 75.0 240.0 191.0 128.0 56.0 111.0 214.0 230.0 200.0 225.0 287.0 205.0 187.0 158.0 184.0 203.0 126.0 138.0 125.0 159.0 91.0 135.0 34.0 104.0 136.0 168.0 165.0 117.0 184.0 140.0 48.0 
113.0 108.0 70.0 86.0 51.0 84.0 131.0 118.0 138.0 186.0 151.0 198.0 225.0 151.0 123.0 126.0 142.0 135.0 126.0 165.0 211.0 156.0 138.0 157.0 144.0 102.0 120.0 100.0 92.0 71.0 124.0 93.0 56.0 95.0 100000000.0 224.0 144.0 112.0 40.0 56.0 159.0 175.0 180.0 205.0 250.0 189.0 171.0 129.0 168.0 187.0 110.0 122.0 109.0 84.0 75.0 93.0 18.0 29.0 61.0 152.0 149.0 101.0 109.0 124.0 32.0 
146.0 172.0 228.0 211.0 248.0 171.0 218.0 137.0 131.0 151.0 104.0 123.0 80.0 134.0 134.0 133.0 165.0 172.0 168.0 38.0 27.0 44.0 75.0 76.0 121.0 106.0 140.0 153.0 176.0 142.0 180.0 224.0 188.0 216.0 239.0 100000000.0 124.0 192.0 220.0 193.0 152.0 168.0 105.0 130.0 192.0 75.0 57.0 148.0 34.0 65.0 194.0 158.0 180.0 215.0 201.0 190.0 231.0 268.0 290.0 89.0 110.0 167.0 240.0 128.0 212.0 
102.0 128.0 184.0 167.0 203.0 61.0 108.0 27.0 7.0 55.0 60.0 107.0 165.0 90.0 90.0 89.0 121.0 128.0 124.0 191.0 186.0 196.0 206.0 225.0 242.0 200.0 160.0 140.0 132.0 169.0 222.0 251.0 202.0 243.0 195.0 228.0 100000000.0 148.0 176.0 83.0 28.0 44.0 89.0 96.0 119.0 119.0 110.0 38.0 208.0 239.0 150.0 220.0 207.0 242.0 157.0 217.0 196.0 178.0 180.0 220.0 66.0 123.0 267.0 194.0 168.0 
46.0 53.0 36.0 19.0 56.0 89.0 136.0 121.0 115.0 163.0 88.0 135.0 170.0 84.0 56.0 59.0 84.0 77.0 68.0 110.0 156.0 101.0 111.0 130.0 147.0 105.0 65.0 45.0 37.0 74.0 127.0 140.0 60.0 142.0 47.0 169.0 108.0 100000000.0 28.0 61.0 136.0 152.0 117.0 142.0 204.0 122.0 104.0 75.0 113.0 144.0 55.0 125.0 112.0 131.0 62.0 122.0 54.0 76.0 108.0 125.0 82.0 46.0 156.0 99.0 20.0 
73.0 87.0 30.0 46.0 50.0 83.0 130.0 117.0 137.0 185.0 115.0 162.0 198.0 111.0 83.0 86.0 111.0 104.0 95.0 176.0 216.0 167.0 176.0 195.0 182.0 140.0 131.0 111.0 103.0 109.0 162.0 131.0 94.0 133.0 38.0 235.0 135.0 72.0 100000000.0 55.0 158.0 174.0 144.0 169.0 231.0 149.0 131.0 102.0 179.0 210.0 121.0 160.0 147.0 122.0 113.0 131.0 56.0 67.0 99.0 190.0 109.0 94.0 147.0 162.0 70.0 
137.0 163.0 189.0 202.0 170.0 28.0 75.0 62.0 82.0 130.0 95.0 142.0 203.0 125.0 125.0 124.0 156.0 163.0 159.0 226.0 221.0 231.0 241.0 260.0 277.0 235.0 195.0 175.0 167.0 204.0 257.0 250.0 232.0 252.0 176.0 263.0 88.0 183.0 211.0 100000000.0 103.0 119.0 124.0 149.0 194.0 154.0 145.0 73.0 243.0 274.0 185.0 255.0 242.0 241.0 192.0 250.0 194.0 145.0 147.0 255.0 101.0 158.0 266.0 229.0 203.0 
117.0 143.0 199.0 182.0 204.0 73.0 109.0 42.0 51.0 55.0 75.0 108.0 165.0 105.0 105.0 104.0 136.0 143.0 139.0 192.0 187.0 204.0 221.0 240.0 257.0 215.0 175.0 155.0 147.0 184.0 237.0 266.0 217.0 258.0 210.0 228.0 68.0 163.0 191.0 98.0 100000000.0 44.0 90.0 96.0 119.0 120.0 125.0 53.0 211.0 242.0 165.0 235.0 222.0 257.0 172.0 232.0 211.0 179.0 181.0 235.0 81.0 138.0 282.0 209.0 183.0 
90.0 116.0 172.0 155.0 192.0 91.0 138.0 57.0 37.0 11.0 48.0 64.0 121.0 78.0 78.0 77.0 109.0 116.0 112.0 148.0 143.0 160.0 194.0 213.0 230.0 188.0 148.0 128.0 120.0 157.0 210.0 239.0 190.0 231.0 183.0 184.0 68.0 136.0 164.0 113.0 44.0 100000000.0 46.0 52.0 75.0 76.0 98.0 68.0 167.0 198.0 138.0 208.0 195.0 230.0 145.0 205.0 184.0 208.0 210.0 208.0 54.0 111.0 255.0 182.0 156.0 
101.0 127.0 183.0 166.0 203.0 126.0 173.0 92.0 83.0 46.0 59.0 18.0 79.0 89.0 89.0 88.0 120.0 127.0 123.0 102.0 97.0 114.0 162.0 181.0 208.0 193.0 159.0 139.0 131.0 168.0 221.0 250.0 201.0 242.0 194.0 139.0 79.0 147.0 175.0 148.0 104.0 69.0 100000000.0 25.0 87.0 30.0 109.0 103.0 121.0 152.0 149.0 219.0 206.0 241.0 156.0 216.0 195.0 223.0 245.0 176.0 65.0 122.0 266.0 193.0 167.0 
100.0 126.0 182.0 165.0 202.0 112.0 159.0 78.0 58.0 21.0 58.0 71.0 108.0 88.0 88.0 87.0 119.0 126.0 122.0 155.0 150.0 167.0 204.0 223.0 240.0 198.0 158.0 138.0 130.0 167.0 220.0 249.0 200.0 241.0 193.0 171.0 78.0 146.0 174.0 134.0 79.0 44.0 56.0 100000000.0 62.0 83.0 108.0 89.0 174.0 205.0 148.0 218.0 205.0 240.0 155.0 215.0 194.0 222.0 231.0 218.0 64.0 121.0 265.0 192.0 166.0 
92.0 118.0 174.0 157.0 194.0 117.0 164.0 83.0 77.0 97.0 50.0 9.0 46.0 80.0 80.0 79.0 111.0 118.0 114.0 93.0 88.0 105.0 153.0 172.0 199.0 184.0 150.0 130.0 122.0 159.0 212.0 241.0 192.0 233.0 185.0 130.0 70.0 138.0 166.0 139.0 98.0 114.0 51.0 76.0 100000000.0 21.0 100.0 94.0 112.0 143.0 140.0 210.0 197.0 232.0 147.0 207.0 186.0 214.0 236.0 167.0 56.0 113.0 257.0 184.0 158.0 
71.0 97.0 153.0 136.0 173.0 96.0 143.0 62.0 56.0 76.0 29.0 48.0 49.0 59.0 59.0 58.0 90.0 97.0 93.0 72.0 67.0 84.0 132.0 151.0 178.0 163.0 129.0 109.0 101.0 138.0 191.0 220.0 171.0 212.0 164.0 109.0 49.0 117.0 145.0 118.0 77.0 93.0 30.0 55.0 117.0 100000000.0 79.0 73.0 91.0 122.0 119.0 189.0 176.0 211.0 126.0 186.0 165.0 193.0 215.0 146.0 35.0 92.0 236.0 163.0 137.0 
89.0 115.0 171.0 154.0 191.0 114.0 161.0 80.0 74.0 94.0 47.0 66.0 67.0 77.0 77.0 76.0 108.0 115.0 111.0 90.0 85.0 102.0 150.0 169.0 196.0 181.0 147.0 127.0 119.0 156.0 209.0 238.0 189.0 230.0 182.0 127.0 67.0 135.0 163.0 136.0 95.0 111.0 48.0 73.0 135.0 18.0 100000000.0 91.0 109.0 140.0 137.0 207.0 194.0 229.0 144.0 204.0 183.0 211.0 233.0 164.0 53.0 110.0 254.0 181.0 155.0 
132.0 158.0 202.0 197.0 183.0 41.0 88.0 57.0 77.0 125.0 90.0 137.0 198.0 120.0 55.0 119.0 151.0 158.0 154.0 221.0 216.0 226.0 236.0 255.0 272.0 230.0 190.0 170.0 162.0 199.0 252.0 263.0 232.0 265.0 189.0 258.0 83.0 178.0 206.0 45.0 98.0 114.0 119.0 144.0 189.0 149.0 140.0 100000000.0 238.0 269.0 180.0 250.0 237.0 254.0 187.0 247.0 207.0 158.0 160.0 250.0 96.0 153.0 279.0 224.0 198.0 
164.0 190.0 240.0 229.0 260.0 189.0 236.0 155.0 149.0 169.0 122.0 141.0 98.0 152.0 152.0 151.0 183.0 190.0 186.0 56.0 45.0 12.0 41.0 60.0 87.0 72.0 106.0 119.0 190.0 108.0 146.0 190.0 154.0 182.0 229.0 56.0 142.0 210.0 210.0 211.0 170.0 186.0 123.0 148.0 210.0 93.0 75.0 166.0 100000000.0 31.0 208.0 124.0 146.0 181.0 173.0 156.0 197.0 258.0 290.0 55.0 128.0 185.0 206.0 94.0 202.0 
189.0 175.0 209.0 214.0 229.0 253.0 300.0 219.0 213.0 233.0 186.0 205.0 175.0 216.0 216.0 202.0 209.0 202.0 193.0 120.0 122.0 92.0 10.0 29.0 56.0 41.0 75.0 88.0 159.0 77.0 115.0 159.0 123.0 151.0 198.0 105.0 206.0 195.0 179.0 234.0 234.0 250.0 187.0 212.0 270.0 157.0 139.0 230.0 80.0 100000000.0 177.0 93.0 115.0 150.0 142.0 125.0 166.0 227.0 259.0 24.0 192.0 168.0 175.0 63.0 171.0 
54.0 40.0 89.0 79.0 109.0 142.0 189.0 129.0 123.0 171.0 96.0 143.0 157.0 92.0 94.0 67.0 74.0 67.0 58.0 97.0 143.0 88.0 86.0 105.0 92.0 50.0 52.0 32.0 24.0 19.0 72.0 101.0 52.0 93.0 78.0 156.0 116.0 60.0 59.0 114.0 144.0 160.0 125.0 150.0 212.0 130.0 112.0 113.0 100.0 131.0 100000000.0 70.0 57.0 92.0 7.0 67.0 46.0 107.0 139.0 100.0 90.0 33.0 117.0 72.0 51.0 
178.0 164.0 198.0 203.0 218.0 251.0 290.0 236.0 230.0 250.0 203.0 222.0 197.0 216.0 218.0 191.0 198.0 191.0 182.0 137.0 172.0 128.0 94.0 79.0 22.0 58.0 92.0 105.0 148.0 94.0 34.0 84.0 112.0 126.0 181.0 155.0 223.0 184.0 168.0 223.0 251.0 267.0 204.0 229.0 291.0 174.0 156.0 237.0 130.0 109.0 166.0 100000000.0 126.0 75.0 131.0 114.0 155.0 171.0 203.0 108.0 209.0 157.0 100.0 80.0 160.0 
138.0 124.0 158.0 163.0 178.0 211.0 250.0 213.0 207.0 255.0 180.0 227.0 214.0 176.0 178.0 151.0 158.0 151.0 142.0 154.0 189.0 145.0 111.0 96.0 39.0 75.0 109.0 116.0 108.0 87.0 15.0 44.0 72.0 86.0 141.0 172.0 200.0 144.0 128.0 183.0 228.0 244.0 209.0 234.0 296.0 191.0 173.0 197.0 147.0 126.0 126.0 17.0 100000000.0 35.0 91.0 74.0 115.0 131.0 163.0 125.0 174.0 117.0 60.0 97.0 120.0 
103.0 89.0 123.0 128.0 143.0 176.0 215.0 178.0 172.0 220.0 145.0 192.0 206.0 141.0 143.0 116.0 123.0 116.0 107.0 146.0 192.0 137.0 119.0 138.0 90.0 83.0 101.0 81.0 73.0 52.0 41.0 9.0 37.0 51.0 106.0 205.0 165.0 109.0 93.0 148.0 193.0 209.0 174.0 199.0 261.0 179.0 161.0 162.0 149.0 168.0 91.0 68.0 51.0 100000000.0 56.0 39.0 80.0 96.0 128.0 133.0 139.0 82.0 25.0 105.0 85.0 
47.0 33.0 82.0 72.0 102.0 135.0 182.0 122.0 116.0 164.0 89.0 136.0 150.0 85.0 87.0 60.0 67.0 60.0 51.0 90.0 136.0 81.0 91.0 110.0 127.0 85.0 45.0 25.0 17.0 54.0 107.0 136.0 45.0 128.0 71.0 149.0 109.0 53.0 52.0 107.0 137.0 153.0 118.0 143.0 205.0 123.0 105.0 106.0 93.0 124.0 35.0 105.0 92.0 127.0 100000000.0 102.0 39.0 100.0 132.0 105.0 83.0 26.0 152.0 79.0 44.0 
113.0 99.0 84.0 100.0 104.0 137.0 184.0 171.0 182.0 230.0 155.0 202.0 216.0 151.0 137.0 126.0 133.0 126.0 117.0 156.0 202.0 147.0 129.0 148.0 122.0 93.0 111.0 91.0 83.0 62.0 73.0 41.0 47.0 26.0 73.0 215.0 175.0 119.0 54.0 109.0 203.0 219.0 184.0 209.0 271.0 189.0 171.0 156.0 159.0 178.0 101.0 100.0 83.0 32.0 66.0 100000000.0 41.0 102.0 134.0 143.0 149.0 92.0 57.0 115.0 46.0 
95.0 90.0 52.0 68.0 72.0 105.0 152.0 139.0 159.0 207.0 137.0 184.0 207.0 133.0 105.0 108.0 124.0 117.0 108.0 147.0 193.0 138.0 120.0 139.0 126.0 84.0 102.0 82.0 74.0 53.0 106.0 134.0 38.0 127.0 41.0 206.0 157.0 94.0 22.0 77.0 180.0 196.0 166.0 191.0 253.0 171.0 153.0 124.0 150.0 169.0 92.0 104.0 91.0 125.0 57.0 101.0 100000000.0 70.0 102.0 134.0 131.0 83.0 150.0 106.0 14.0 
146.0 160.0 103.0 119.0 84.0 117.0 119.0 151.0 171.0 219.0 184.0 231.0 271.0 184.0 156.0 159.0 184.0 177.0 168.0 226.0 272.0 217.0 199.0 218.0 186.0 163.0 181.0 161.0 153.0 132.0 137.0 105.0 117.0 107.0 61.0 285.0 177.0 145.0 101.0 89.0 190.0 208.0 213.0 238.0 283.0 222.0 204.0 162.0 229.0 248.0 171.0 164.0 147.0 96.0 136.0 105.0 79.0 100000000.0 32.0 213.0 182.0 162.0 121.0 185.0 93.0 
114.0 128.0 71.0 87.0 52.0 85.0 120.0 119.0 139.0 187.0 152.0 199.0 239.0 152.0 124.0 127.0 152.0 145.0 136.0 194.0 240.0 185.0 167.0 186.0 173.0 131.0 149.0 129.0 121.0 100.0 153.0 122.0 85.0 124.0 29.0 253.0 145.0 113.0 69.0 57.0 160.0 176.0 181.0 206.0 251.0 190.0 172.0 130.0 197.0 216.0 139.0 151.0 138.0 113.0 104.0 122.0 47.0 58.0 100000000.0 181.0 150.0 130.0 138.0 153.0 61.0 
165.0 151.0 185.0 190.0 205.0 229.0 276.0 195.0 189.0 209.0 162.0 181.0 156.0 192.0 192.0 178.0 185.0 178.0 169.0 96.0 132.0 87.0 53.0 39.0 53.0 17.0 51.0 64.0 135.0 53.0 106.0 135.0 99.0 127.0 174.0 115.0 182.0 171.0 155.0 210.0 210.0 226.0 163.0 188.0 250.0 133.0 115.0 206.0 90.0 69.0 153.0 90.0 91.0 126.0 118.0 101.0 142.0 203.0 235.0 100000000.0 168.0 144.0 151.0 39.0 147.0 
36.0 62.0 118.0 101.0 138.0 73.0 120.0 39.0 33.0 81.0 6.0 53.0 111.0 24.0 24.0 23.0 55.0 62.0 58.0 134.0 129.0 130.0 140.0 159.0 176.0 134.0 94.0 74.0 66.0 103.0 156.0 185.0 136.0 177.0 129.0 171.0 26.0 82.0 110.0 88.0 54.0 70.0 35.0 60.0 122.0 62.0 44.0 43.0 142.0 173.0 84.0 154.0 141.0 176.0 91.0 151.0 130.0 158.0 190.0 154.0 100000000.0 57.0 201.0 128.0 102.0 
21.0 7.0 63.0 46.0 83.0 116.0 163.0 96.0 90.0 138.0 63.0 110.0 142.0 59.0 61.0 34.0 41.0 34.0 25.0 82.0 128.0 73.0 83.0 102.0 119.0 77.0 37.0 17.0 9.0 46.0 99.0 128.0 79.0 120.0 74.0 141.0 83.0 27.0 55.0 88.0 111.0 127.0 92.0 117.0 179.0 97.0 79.0 80.0 85.0 116.0 27.0 97.0 84.0 119.0 34.0 94.0 73.0 103.0 135.0 97.0 57.0 100000000.0 144.0 71.0 47.0 
164.0 150.0 184.0 189.0 204.0 237.0 276.0 239.0 233.0 281.0 206.0 253.0 240.0 202.0 204.0 177.0 184.0 177.0 168.0 180.0 215.0 171.0 137.0 122.0 65.0 101.0 135.0 142.0 134.0 113.0 41.0 70.0 98.0 112.0 167.0 198.0 226.0 170.0 154.0 209.0 254.0 270.0 235.0 260.0 322.0 217.0 199.0 223.0 173.0 152.0 152.0 43.0 26.0 61.0 117.0 100.0 141.0 157.0 189.0 151.0 200.0 143.0 100000000.0 123.0 146.0 
126.0 112.0 146.0 151.0 166.0 199.0 246.0 201.0 195.0 237.0 168.0 209.0 184.0 164.0 166.0 139.0 146.0 139.0 130.0 124.0 170.0 115.0 81.0 100.0 87.0 45.0 79.0 92.0 96.0 14.0 67.0 96.0 60.0 88.0 135.0 176.0 188.0 132.0 116.0 171.0 216.0 232.0 191.0 216.0 278.0 161.0 143.0 185.0 127.0 130.0 114.0 65.0 52.0 87.0 79.0 62.0 103.0 164.0 196.0 95.0 162.0 105.0 112.0 100000000.0 108.0 
81.0 95.0 38.0 54.0 58.0 91.0 138.0 125.0 145.0 193.0 123.0 170.0 206.0 119.0 91.0 94.0 119.0 112.0 103.0 184.0 224.0 175.0 165.0 184.0 171.0 129.0 139.0 119.0 111.0 98.0 151.0 120.0 83.0 122.0 27.0 243.0 143.0 80.0 8.0 63.0 166.0 182.0 152.0 177.0 239.0 157.0 139.0 110.0 187.0 214.0 129.0 149.0 136.0 111.0 102.0 120.0 45.0 56.0 88.0 179.0 117.0 102.0 136.0 151.0 0.0 